[[1337212800000,38.00],
[1337299200000,38.23],
[1337558400000,34.03],
[1337644800000,31.00],
[1337731200000,32.00],
[1337817600000,33.03],
[1337904000000,31.91],
[1338249600000,28.84],
[1338336000000,28.19],
[1338422400000,29.60],
[1338508800000,27.72],
[1338768000000,26.90],
[1338854400000,25.87],
[1338940800000,26.81],
[1339027200000,26.31],
[1339113600000,27.10],
[1339372800000,27.00],
[1339459200000,27.40],
[1339545600000,27.27],
[1339632000000,28.29],
[1339718400000,30.01],
[1339977600000,31.41],
[1340064000000,31.91],
[1340150400000,31.60],
[1340236800000,31.84],
[1340323200000,33.05],
[1340582400000,32.06],
[1340668800000,33.10],
[1340755200000,32.23],
[1340841600000,31.36],
[1340928000000,31.10],
[1341187200000,30.77],
[1341273600000,31.20],
[1341446400000,31.47],
[1341532800000,31.73],
[1341792000000,32.17],
[1341878400000,31.47],
[1341964800000,30.97],
[1342051200000,30.81],
[1342137600000,30.72],
[1342396800000,28.24],
[1342483200000,28.09],
[1342569600000,29.11],
[1342656000000,29.00],
[1342742400000,28.76],
[1343001600000,28.75],
[1343088000000,28.45],
[1343174400000,29.34],
[1343260800000,26.84],
[1343347200000,23.70],
[1343606400000,23.15],
[1343692800000,21.71],
[1343779200000,20.88],
[1343865600000,20.04],
[1343952000000,21.09],
[1344211200000,21.92],
[1344297600000,20.72],
[1344384000000,20.72],
[1344470400000,21.01],
[1344556800000,21.81],
[1344816000000,21.60],
[1344902400000,20.38],
[1344988800000,21.20],
[1345075200000,19.87],
[1345161600000,19.05],
[1345420800000,20.01],
[1345507200000,19.16],
[1345593600000,19.44],
[1345680000000,19.44],
[1345766400000,19.41],
[1346025600000,19.15],
[1346112000000,19.34],
[1346198400000,19.10],
[1346284800000,19.09],
[1346371200000,18.06],
[1346716800000,17.73],
[1346803200000,18.58],
[1346889600000,18.96],
[1346976000000,18.98],
[1347235200000,18.81],
[1347321600000,19.43],
[1347408000000,20.93],
[1347494400000,20.71],
[1347580800000,22.00],
[1347840000000,21.52],
[1347926400000,21.87],
[1348012800000,23.29],
[1348099200000,22.59],
[1348185600000,22.86],
[1348444800000,20.79],
[1348531200000,20.28],
[1348617600000,20.62],
[1348704000000,20.32],
[1348790400000,21.66],
[1349049600000,21.99],
[1349136000000,22.27],
[1349222400000,21.83],
[1349308800000,21.95],
[1349395200000,20.91],
[1349654400000,20.40],
[1349740800000,20.23],
[1349827200000,19.64],
[1349913600000,19.75],
[1350000000000,19.52],
[1350259200000,19.52],
[1350345600000,19.48],
[1350432000000,19.88],
[1350518400000,18.98],
[1350604800000,19.00],
[1350864000000,19.32],
[1350950400000,19.50],
[1351036800000,23.23],
[1351123200000,22.56],
[1351209600000,21.94],
[1351641600000,21.11],
[1351728000000,21.21],
[1351814400000,21.18],
[1352073600000,21.25],
[1352160000000,21.17],
[1352246400000,20.47],
[1352332800000,19.99],
[1352419200000,19.21],
[1352678400000,20.07],
[1352764800000,19.86],
[1352851200000,22.36],
[1352937600000,22.17],
[1353024000000,23.56],
[1353283200000,22.92],
[1353369600000,23.10],
[1353456000000,24.32],
[1353628800000,24.00],
[1353888000000,25.94],
[1353974400000,26.15],
[1354060800000,26.36],
[1354147200000,27.32],
[1354233600000,28.00],
[1354492800000,27.04],
[1354579200000,27.46],
[1354665600000,27.71],
[1354752000000,26.97],
[1354838400000,27.48],
[1355097600000,27.84],
[1355184000000,27.98],
[1355270400000,27.58],
[1355356800000,28.24],
[1355443200000,26.81],
[1355702400000,26.75],
[1355788800000,27.71],
[1355875200000,27.41],
[1355961600000,27.36],
[1356048000000,26.26],
[1356307200000,26.93],
[1356480000000,26.51],
[1356566400000,26.05],
[1356652800000,25.91],
[1356912000000,26.62],
[1357084800000,28.00],
[1357171200000,27.77],
[1357257600000,28.76],
[1357516800000,29.42],
[1357603200000,29.06],
[1357689600000,30.59],
[1357776000000,31.30],
[1357862400000,31.72],
[1358121600000,30.95],
[1358208000000,30.10],
[1358294400000,29.85],
[1358380800000,30.14],
[1358467200000,29.66],
[1358812800000,30.73],
[1358899200000,30.82],
[1358985600000,31.08],
[1359072000000,31.54],
[1359331200000,32.47],
[1359417600000,30.79],
[1359504000000,31.24],
[1359590400000,30.98],
[1359676800000,29.73],
[1359936000000,28.11],
[1360022400000,28.64],
[1360108800000,29.05],
[1360195200000,28.65],
[1360281600000,28.54],
[1360540800000,28.26],
[1360627200000,27.37],
[1360713600000,27.91],
[1360800000000,28.50],
[1360886400000,28.32],
[1361232000000,28.93],
[1361318400000,28.46],
[1361404800000,27.28],
[1361491200000,27.13],
[1361750400000,27.27],
[1361836800000,27.39],
[1361923200000,26.87],
[1362009600000,27.25],
[1362096000000,27.78],
[1362355200000,27.72],
[1362441600000,27.52],
[1362528000000,27.45],
[1362614400000,28.58],
[1362700800000,27.96],
[1362960000000,28.14],
[1363046400000,27.83],
[1363132800000,27.08],
[1363219200000,27.04],
[1363305600000,26.64],
[1363564800000,26.49],
[1363651200000,26.55],
[1363737600000,25.86],
[1363824000000,25.74],
[1363910400000,25.73],
[1364169600000,25.13],
[1364256000000,25.20],
[1364342400000,26.09],
[1364428800000,25.58],
[1364774400000,25.53],
[1364860800000,25.42],
[1364947200000,26.25],
[1365033600000,27.07],
[1365120000000,27.39],
[1365379200000,26.85],
[1365465600000,26.59],
[1365552000000,27.57],
[1365638400000,28.02],
[1365724800000,27.40],
[1365984000000,26.52],
[1366070400000,26.92],
[1366156800000,26.62],
[1366243200000,25.69],
[1366329600000,25.73],
[1366588800000,25.97],
[1366675200000,25.98],
[1366761600000,26.11],
[1366848000000,26.14],
[1366934400000,26.85],
[1367193600000,26.98],
[1367280000000,27.77],
[1367366400000,27.43],
[1367452800000,28.97],
[1367539200000,28.31],
[1367798400000,27.57],
[1367884800000,26.89],
[1367971200000,27.12],
[1368057600000,27.04],
[1368144000000,26.68],
[1368403200000,26.82],
[1368489600000,27.07],
[1368576000000,26.60],
[1368662400000,26.13],
[1368748800000,26.25],
[1369008000000,25.76],
[1369094400000,25.66],
[1369180800000,25.16],
[1369267200000,25.06],
[1369353600000,24.31],
[1369699200000,24.10],
[1369785600000,23.32],
[1369872000000,24.55],
[1369958400000,24.35],
[1370217600000,23.85],
[1370304000000,23.52],
[1370390400000,22.90],
[1370476800000,22.97],
[1370563200000,23.29],
[1370822400000,24.33],
[1370908800000,24.03],
[1370995200000,23.77],
[1371081600000,23.73],
[1371168000000,23.63],
[1371427200000,24.02],
[1371513600000,24.21],
[1371600000000,24.31],
[1371686400000,23.90],
[1371772800000,24.53],
[1372032000000,23.94],
[1372118400000,24.25],
[1372204800000,24.16],
[1372291200000,24.66],
[1372377600000,24.88],
[1372636800000,24.81],
[1372723200000,24.41],
[1372809600000,24.52],
[1372982400000,24.37],
[1373241600000,24.71],
[1373328000000,25.48],
[1373414400000,25.80],
[1373500800000,25.81],
[1373587200000,25.91],
[1373846400000,26.28],
[1373932800000,26.32],
[1374019200000,26.65],
[1374105600000,26.18],
[1374192000000,25.88],
[1374451200000,26.04],
[1374537600000,26.13],
[1374624000000,26.51],
[1374710400000,34.36],
[1374796800000,34.01],
[1375056000000,35.43],
[1375142400000,37.63],
[1375228800000,36.80],
[1375315200000,37.49],
[1375401600000,38.05],
[1375660800000,39.19],
[1375747200000,38.55],
[1375833600000,38.87],
[1375920000000,38.54],
[1376006400000,38.50],
[1376265600000,38.22],
[1376352000000,37.02],
[1376438400000,36.65],
[1376524800000,36.56],
[1376611200000,37.08],
[1376870400000,37.81],
[1376956800000,38.41],
[1377043200000,38.32],
[1377129600000,38.55],
[1377216000000,40.55],
[1377475200000,41.34],
[1377561600000,39.64],
[1377648000000,40.55],
[1377734400000,41.28],
[1377820800000,41.29],
[1378166400000,41.87],
[1378252800000,41.78],
[1378339200000,42.66],
[1378425600000,43.95],
[1378684800000,44.04],
[1378771200000,43.60],
[1378857600000,45.04],
[1378944000000,44.75],
[1379030400000,44.31],
[1379289600000,42.51],
[1379376000000,45.07],
[1379462400000,45.23],
[1379548800000,45.98],
[1379635200000,47.49],
[1379894400000,47.19],
[1379980800000,48.45],
[1380067200000,49.46],
[1380153600000,50.39],
[1380240000000,51.24],
[1380499200000,50.23],
[1380585600000,50.42],
[1380672000000,50.28],
[1380758400000,49.18],
[1380844800000,51.04],
[1381104000000,50.52],
[1381190400000,47.14],
[1381276800000,46.77],
[1381363200000,49.05],
[1381449600000,49.11],
[1381708800000,49.51],
[1381795200000,49.50],
[1381881600000,51.14],
[1381968000000,52.21],
[1382054400000,54.22],
[1382313600000,53.85],
[1382400000000,52.68],
[1382486400000,51.90],
[1382572800000,52.44],
[1382659200000,51.95],
[1382918400000,50.23],
[1383004800000,49.40],
[1383091200000,49.01],
[1383177600000,50.20],
[1383264000000,49.75],
[1383523200000,48.22],
[1383609600000,50.10],
[1383696000000,49.12],
[1383782400000,47.56],
[1383868800000,47.53],
[1384128000000,46.20],
[1384214400000,46.60],
[1384300800000,48.71],
[1384387200000,48.99],
[1384473600000,49.01],
[1384732800000,45.83],
[1384819200000,46.36],
[1384905600000,46.43],
[1384992000000,46.70],
[1385078400000,46.23],
[1385337600000,44.82],
[1385424000000,45.89],
[1385510400000,46.49],
[1385683200000,47.01],
[1385942400000,47.06],
[1386028800000,46.73],
[1386115200000,48.62],
[1386201600000,48.34],
[1386288000000,47.94],
[1386547200000,48.84],
[1386633600000,50.24],
[1386720000000,49.38],
[1386806400000,51.83],
[1386892800000,53.32],
[1387152000000,53.81],
[1387238400000,54.86],
[1387324800000,55.57],
[1387411200000,55.05],
[1387497600000,55.12],
[1387756800000,57.77],
[1387843200000,57.96],
[1388016000000,57.73],
[1388102400000,55.44],
[1388361600000,53.71],
[1388448000000,54.65],
[1388620800000,54.71],
[1388707200000,54.56],
[1388966400000,57.20],
[1389052800000,57.92],
[1389139200000,58.23],
[1389225600000,57.22],
[1389312000000,57.94],
[1389571200000,55.91],
[1389657600000,57.74],
[1389744000000,57.60],
[1389830400000,57.19],
[1389916800000,56.30],
[1390262400000,58.51],
[1390348800000,57.51],
[1390435200000,56.63],
[1390521600000,54.45],
[1390780800000,53.55],
[1390867200000,55.14],
[1390953600000,53.53],
[1391040000000,61.08],
[1391126400000,62.57],
[1391385600000,61.48],
[1391472000000,62.75],
[1391558400000,62.19],
[1391644800000,62.16],
[1391731200000,64.32],
[1391990400000,63.55],
[1392076800000,64.85],
[1392163200000,64.45],
[1392249600000,67.33],
[1392336000000,67.09],
[1392681600000,67.30],
[1392768000000,68.06],
[1392854400000,69.63],
[1392940800000,68.59],
[1393200000000,70.78],
[1393286400000,69.85],
[1393372800000,69.26],
[1393459200000,68.94],
[1393545600000,68.46],
[1393804800000,67.41],
[1393891200000,68.80],
[1393977600000,71.57],
[1394064000000,70.84],
[1394150400000,69.80],
[1394409600000,72.03],
[1394496000000,70.10],
[1394582400000,70.88],
[1394668800000,68.83],
[1394755200000,67.72],
[1395014400000,68.74],
[1395100800000,69.19],
[1395187200000,68.24],
[1395273600000,66.97],
[1395360000000,67.24],
[1395619200000,64.10],
[1395705600000,64.89],
[1395792000000,60.38],
[1395878400000,60.97],
[1395964800000,60.01],
[1396224000000,60.24],
[1396310400000,62.62],
[1396396800000,62.72],
[1396483200000,59.49],
[1396569600000,56.75],
[1396828800000,56.95],
[1396915200000,58.19],
[1397001600000,62.41],
[1397088000000,59.16],
[1397174400000,58.53],
[1397433600000,58.89],
[1397520000000,59.09],
[1397606400000,59.72],
[1397692800000,58.94],
[1398038400000,61.24],
[1398124800000,63.03],
[1398211200000,61.36],
[1398297600000,60.87],
[1398384000000,57.71],
[1398643200000,56.14],
[1398729600000,58.15],
[1398816000000,59.78],
[1398902400000,61.15],
[1398988800000,60.46],
[1399248000000,61.22],
[1399334400000,58.53],
[1399420800000,57.39],
[1399507200000,56.76],
[1399593600000,57.24],
[1399852800000,59.83],
[1399939200000,59.83],
[1400025600000,59.23],
[1400112000000,57.92],
[1400198400000,58.02],
[1400457600000,59.21],
[1400544000000,58.56],
[1400630400000,60.49],
[1400716800000,60.52],
[1400803200000,61.35],
[1401148800000,63.48],
[1401235200000,63.51],
[1401321600000,63.83],
[1401408000000,63.30],
[1401667200000,63.08],
[1401753600000,62.87],
[1401840000000,63.34],
[1401926400000,63.19],
[1402012800000,62.50],
[1402272000000,62.88],
[1402358400000,65.77],
[1402444800000,65.78],
[1402531200000,64.29],
[1402617600000,64.50],
[1402876800000,64.19],
[1402963200000,64.40],
[1403049600000,65.60],
[1403136000000,64.34],
[1403222400000,64.50],
[1403481600000,65.37],
[1403568000000,65.72],
[1403654400000,67.44],
[1403740800000,67.13],
[1403827200000,67.60],
[1404086400000,67.29],
[1404172800000,68.06],
[1404259200000,66.45],
[1404345600000,66.29],
[1404691200000,65.29],
[1404777600000,62.76],
[1404864000000,64.97],
[1404950400000,64.87],
[1405036800000,66.34],
[1405296000000,67.90],
[1405382400000,67.16],
[1405468800000,67.66],
[1405555200000,66.41],
[1405641600000,68.42],
[1405900800000,69.40],
[1405987200000,69.27],
[1406073600000,71.29],
[1406160000000,74.98],
[1406246400000,75.19],
[1406505600000,74.92],
[1406592000000,73.71],
[1406678400000,74.68],
[1406764800000,72.65],
[1406851200000,72.36],
[1407110400000,73.51],
[1407196800000,72.69],
[1407283200000,72.47],
[1407369600000,73.17],
[1407456000000,73.06],
[1407715200000,73.44],
[1407801600000,72.83],
[1407888000000,73.77],
[1407974400000,74.30],
[1408060800000,73.63],
[1408320000000,74.59],
[1408406400000,75.29],
[1408492800000,74.81],
[1408579200000,74.57],
[1408665600000,74.57],
[1408924800000,75.02],
[1409011200000,75.96],
[1409097600000,74.63],
[1409184000000,73.86],
[1409270400000,74.82],
[1409616000000,76.68],
[1409702400000,75.83],
[1409788800000,75.95],
[1409875200000,77.26],
[1410134400000,77.89],
[1410220800000,76.67],
[1410307200000,77.43],
[1410393600000,77.92],
[1410480000000,77.48],
[1410739200000,74.58],
[1410825600000,76.08],
[1410912000000,76.43],
[1410998400000,77.00],
[1411084800000,77.91],
[1411344000000,76.80],
[1411430400000,78.29],
[1411516800000,78.54],
[1411603200000,77.22],
[1411689600000,78.79],
[1411948800000,79.00],
[1412035200000,79.04],
[1412121600000,76.55],
[1412208000000,77.08],
[1412294400000,77.44],
[1412553600000,77.56],
[1412640000000,76.29],
[1412726400000,77.52],
[1412812800000,75.91],
[1412899200000,72.91],
[1413158400000,72.99],
[1413244800000,73.59],
[1413331200000,73.21],
[1413417600000,72.63],
[1413504000000,75.95],
[1413763200000,76.95],
[1413849600000,78.69],
[1413936000000,78.37],
[1414022400000,80.04],
[1414108800000,80.67],
[1414368000000,80.28],
[1414454400000,80.77],
[1414540800000,75.86],
[1414627200000,74.11],
[1414713600000,74.99],
[1414972800000,73.88],
[1415059200000,75.76],
[1415145600000,74.83],
[1415232000000,75.26],
[1415318400000,75.60],
[1415577600000,75.00],
[1415664000000,74.61],
[1415750400000,74.72],
[1415836800000,74.25],
[1415923200000,74.88],
[1416182400000,74.24],
[1416268800000,74.34],
[1416355200000,73.33],
[1416441600000,73.60],
[1416528000000,73.75],
[1416787200000,74.01],
[1416873600000,75.63],
[1416960000000,77.62],
[1417132800000,77.70],
[1417392000000,75.10],
[1417478400000,75.46],
[1417564800000,74.88],
[1417651200000,75.24],
[1417737600000,76.36],
[1417996800000,76.52],
[1418083200000,76.84],
[1418169600000,76.18],
[1418256000000,77.73],
[1418342400000,77.83],
[1418601600000,76.99],
[1418688000000,74.69],
[1418774400000,76.11],
[1418860800000,78.40],
[1418947200000,79.88],
[1419206400000,81.45],
[1419292800000,80.61],
[1419379200000,80.77],
[1419552000000,80.78],
[1419811200000,80.02],
[1419897600000,79.22],
[1419984000000,78.02],
[1420156800000,78.45],
[1420416000000,77.19],
[1420502400000,76.15],
[1420588800000,76.15],
[1420675200000,78.18],
[1420761600000,77.74],
[1421020800000,76.72],
[1421107200000,76.45],
[1421193600000,76.28],
[1421280000000,74.05],
[1421366400000,75.18],
[1421712000000,76.24],
[1421798400000,76.74],
[1421884800000,77.65],
[1421971200000,77.83],
[1422230400000,77.50],
[1422316800000,75.78],
[1422403200000,76.24],
[1422489600000,78.00],
[1422576000000,75.91],
[1422835200000,74.99],
[1422921600000,75.40],
[1423008000000,75.63],
[1423094400000,75.62],
[1423180800000,74.47],
[1423440000000,74.44],
[1423526400000,75.19],
[1423612800000,76.51],
[1423699200000,76.23],
[1423785600000,75.74],
[1424131200000,75.60],
[1424217600000,76.71],
[1424304000000,79.42],
[1424390400000,79.90],
[1424649600000,78.84],
[1424736000000,78.45],
[1424822400000,79.56],
[1424908800000,80.41],
[1424995200000,78.97],
[1425254400000,79.75],
[1425340800000,79.60],
[1425427200000,80.90],
[1425513600000,81.21],
[1425600000000,80.00],
[1425859200000,79.44],
[1425945600000,77.55],
[1426032000000,77.57],
[1426118400000,78.93],
[1426204800000,78.05],
[1426464000000,78.07],
[1426550400000,79.36],
[1426636800000,80.91],
[1426723200000,82.75],
[1426809600000,83.80],
[1427068800000,84.43],
[1427155200000,85.31],
[1427241600000,82.92],
[1427328000000,83.01],
[1427414400000,83.30],
[1427673600000,83.20],
[1427760000000,82.22],
[1427846400000,81.66],
[1427932800000,81.56],
[1428278400000,82.44],
[1428364800000,82.32],
[1428451200000,82.28],
[1428537600000,82.17],
[1428624000000,82.04],
[1428883200000,83.01],
[1428969600000,83.52],
[1429056000000,82.70],
[1429142400000,82.31],
[1429228800000,80.78],
[1429488000000,83.09],
[1429574400000,83.62],
[1429660800000,84.63],
[1429747200000,82.41],
[1429833600000,81.53],
[1430092800000,81.91],
[1430179200000,80.68],
[1430265600000,80.46],
[1430352000000,78.77],
[1430438400000,78.99],
[1430697600000,78.81],
[1430784000000,77.56],
[1430870400000,78.10],
[1430956800000,78.42],
[1431043200000,78.51],
[1431302400000,78.01],
[1431388800000,77.46],
[1431475200000,78.44],
[1431561600000,81.37],
[1431648000000,80.42],
[1431907200000,80.88],
[1431993600000,80.63],
[1432080000000,80.55],
[1432166400000,80.48],
[1432252800000,80.54],
[1432598400000,79.34],
[1432684800000,80.55],
[1432771200000,80.14],
[1432857600000,79.19],
[1433116800000,80.29],
[1433203200000,80.44],
[1433289600000,82.44],
[1433376000000,82.05],
[1433462400000,82.14],
[1433721600000,80.67],
[1433808000000,80.67],
[1433894400000,82.16],
[1433980800000,81.83],
[1434067200000,81.53],
[1434326400000,80.71],
[1434412800000,81.06],
[1434499200000,81.79],
[1434585600000,82.90],
[1434672000000,82.51],
[1434931200000,84.74],
[1435017600000,87.88],
[1435104000000,88.86],
[1435190400000,87.98],
[1435276800000,88.01],
[1435536000000,85.80],
[1435622400000,85.76],
[1435708800000,86.91],
[1435795200000,87.28],
[1436140800000,87.55],
[1436227200000,87.22],
[1436313600000,85.65],
[1436400000000,85.88],
[1436486400000,87.95],
[1436745600000,90.10],
[1436832000000,89.68],
[1436918400000,89.76],
[1437004800000,90.85],
[1437091200000,94.97],
[1437350400000,97.91],
[1437436800000,98.39],
[1437523200000,97.04],
[1437609600000,95.44],
[1437696000000,96.95],
[1437955200000,94.17],
[1438041600000,95.29],
[1438128000000,96.99],
[1438214400000,95.21],
[1438300800000,94.01],
[1438560000000,94.14],
[1438646400000,94.06],
[1438732800000,96.44],
[1438819200000,95.12],
[1438905600000,94.30],
[1439164800000,94.15],
[1439251200000,93.62],
[1439337600000,94.19],
[1439424000000,93.43],
[1439510400000,94.42],
[1439769600000,93.93],
[1439856000000,95.17],
[1439942400000,95.31],
[1440028800000,90.56],
[1440115200000,86.06],
[1440374400000,82.09],
[1440460800000,83.00],
[1440547200000,87.19],
[1440633600000,89.73],
[1440720000000,91.01],
[1440979200000,89.43],
[1441065600000,87.23],
[1441152000000,89.89],
[1441238400000,88.15],
[1441324800000,88.26],
[1441670400000,89.53],
[1441756800000,90.44],
[1441843200000,91.98],
[1441929600000,92.05],
[1442188800000,92.31],
[1442275200000,92.90],
[1442361600000,93.45],
[1442448000000,94.34],
[1442534400000,94.40],
[1442793600000,95.55],
[1442880000000,92.96],
[1442966400000,93.97],
[1443052800000,94.41],
[1443139200000,92.77],
[1443398400000,89.21],
[1443484800000,86.67],
[1443571200000,89.90],
[1443657600000,90.95],
[1443744000000,92.07],
[1444003200000,94.01],
[1444089600000,92.80],
[1444176000000,92.40],
[1444262400000,92.47],
[1444348800000,93.24],
[1444608000000,94.26],
[1444694400000,94.12],
[1444780800000,94.07],
[1444867200000,95.96],
[1444953600000,97.54],
[1445212800000,98.47],
[1445299200000,97.00],
[1445385600000,97.11],
[1445472000000,99.67],
[1445558400000,102.19],
[1445817600000,103.77],
[1445904000000,103.70],
[1445990400000,104.20],
[1446076800000,104.88],
[1446163200000,101.97],
[1446422400000,103.31],
[1446508800000,102.58],
[1446595200000,103.94],
[1446681600000,108.76],
[1446768000000,107.10],
[1447027200000,106.49],
[1447113600000,107.91],
[1447200000000,109.01],
[1447286400000,108.02],
[1447372800000,103.95],
[1447632000000,104.04],
[1447718400000,105.13],
[1447804800000,107.77],
[1447891200000,106.26],
[1447977600000,107.32],
[1448236800000,106.95],
[1448323200000,105.74],
[1448409600000,105.41],
[1448582400000,105.45],
[1448841600000,104.24],
[1448928000000,107.12],
[1449014400000,106.07],
[1449100800000,104.38],
[1449187200000,106.18],
[1449446400000,105.61],
[1449532800000,106.49],
[1449619200000,104.60],
[1449705600000,105.42],
[1449792000000,102.12],
[1450051200000,104.66],
[1450137600000,104.55],
[1450224000000,106.79],
[1450310400000,106.22],
[1450396800000,104.04],
[1450656000000,104.77],
[1450742400000,105.51],
[1450828800000,104.63],
[1450915200000,105.02],
[1451260800000,105.93],
[1451347200000,107.26],
[1451433600000,106.22],
[1451520000000,104.66],
[1451865600000,102.22],
[1451952000000,102.73],
[1452038400000,102.97],
[1452124800000,97.92],
[1452211200000,97.33],
[1452470400000,97.51],
[1452556800000,99.37],
[1452643200000,95.44],
[1452729600000,98.37],
[1452816000000,94.97],
[1453161600000,95.26],
[1453248000000,94.35],
[1453334400000,94.16],
[1453420800000,97.94],
[1453680000000,97.01],
[1453766400000,97.34],
[1453852800000,94.45],
[1453939200000,109.11],
[1454025600000,112.21],
[1454284800000,115.09],
[1454371200000,114.61],
[1454457600000,112.69],
[1454544000000,110.49],
[1454630400000,104.07],
[1454889600000,99.75],
[1454976000000,99.54],
[1455062400000,101.00],
[1455148800000,101.91],
[1455235200000,102.01],
[1455580800000,101.61],
[1455667200000,105.20],
[1455753600000,103.47],
[1455840000000,104.57],
[1456099200000,107.16],
[1456185600000,105.46],
[1456272000000,106.88],
[1456358400000,108.07],
[1456444800000,107.92],
[1456704000000,106.92],
[1456790400000,109.82]]